0 8072 -1 -1 -4.805 
1 8072 -1 -1 -6.871 
2 8072 -1 -1 -8.653 
3 8072 -1 -1 -6.794 
4 8072 -1 -1 -4.029 
5 8072 0 -1 -5.373 
6 8072 0 1 3.623 
7 8072 0 -1 -4.674 
8 8072 0 1 34.384 
9 8072 0 1 3.393 
10 8072 0 1 96.867 
11 8072 1 1 1.219 
12 8072 1 1 11.821 
13 8072 1 1 5.951 
14 8072 1 1 10.814 
15 8072 0 1 33.071 
16 8072 0 1 27.409 
17 8072 0 1 42.997 
18 8072 0 1 7.350 
19 8072 0 0 0.497 
20 8072 0 -1 -4.313 
21 8072 -1 -1 -5.942 
22 8072 -1 -1 -8.216 
0 8872 0 -1 -7.440 
1 8872 -1 -1 -13.901 
2 8872 -1 -1 -13.332 
3 8872 -1 -1 -32.945 
4 8872 -1 -1 -13.355 
5 8872 0 -1 -7.593 
6 8872 0 1 5.076 
7 8872 0 1 33.716 
8 8872 0 -1 -15.322 
9 8872 0 -1 -4.958 
10 8872 0 0 -2.968 
11 8872 1 1 14.894 
12 8872 1 0 -2.323 
13 8872 1 1 18.435 
14 8872 1 1 2.486 
15 8872 1 1 37.204 
16 8872 0 1 2.978 
17 8872 0 -1 -4.620 
18 8872 0 1 30.228 
19 8872 0 -1 -13.770 
20 8872 0 0 -2.269 
21 8872 -1 -1 -9.714 
22 8872 -1 -1 -6.303 
0 9056 0 1 7.764 
1 9056 0 -1 -29.534 
2 9056 0 -1 -26.408 
3 9056 -1 -1 -22.144 
4 9056 -1 -1 -14.953 
5 9056 -1 -1 -25.678 
6 9056 -1 -1 -40.052 
7 9056 -1 1 7.742 
8 9056 -1 1 14.956 
9 9056 -1 0 -2.184 
10 9056 -1 1 36.029 
11 9056 -1 0 0.474 
12 9056 -1 -1 -16.528 
13 9056 -1 1 14.964 
14 9056 -1 -1 -26.630 
15 9056 -1 -1 -5.872 
16 9056 0 1 76.324 
17 9056 -1 -1 -17.665 
18 9056 -1 -1 -6.548 
19 9056 -1 -1 -16.374 
20 9056 0 -1 -20.123 
21 9056 0 -1 -37.570 
22 9056 0 -1 -22.712 
0 10177 0 0 1.011 
1 10177 0 0 -1.394 
2 10177 0 0 -1.678 
3 10177 0 -1 -5.373 
4 10177 0 0 -0.333 
5 10177 0 0 -2.246 
6 10177 0 0 -1.678 
7 10177 1 1 42.551 
8 10177 1 1 4.345 
9 10177 1 1 5.198 
10 10177 1 1 40.769 
11 10177 1 1 8.947 
12 10177 1 1 15.331 
13 10177 1 1 31.411 
14 10177 1 1 16.937 
15 10177 1 1 8.095 
16 10177 1 0 -0.694 
17 10177 1 1 27.301 
18 10177 0 1 45.063 
19 10177 0 1 4.630 
20 10177 0 0 -3.952 
21 10177 0 0 -1.394 
22 10177 0 0 -1.962 
0 15765 1 -1 -8.861 
1 15765 0 0 -0.203 
2 15765 0 1 7.242 
3 15765 0 1 15.362 
4 15765 0 1 5.928 
5 15765 0 1 3.992 
6 15765 1 -1 -13.125 
7 15765 0 1 12.466 
8 15765 1 1 5.536 
9 15765 1 1 13.088 
10 15765 1 1 4.683 
11 15765 1 0 -3.199 
12 15765 1 1 5.667 
13 15765 1 1 8.302 
14 15765 1 1 4.530 
15 15765 1 -1 -13.355 
16 15765 1 1 10.499 
17 15765 1 -1 -5.189 
18 15765 1 0 -2.915 
19 15765 1 -1 -6.249 
20 15765 1 0 -2.369 
21 15765 1 1 15.155 
22 15765 1 1 2.486 
0 16606 1 0 0.650 
1 16606 0 1 2.148 
2 16606 0 1 15.746 
3 16606 0 0 -2.684 
4 16606 0 1 5.252 
5 16606 0 1 34.177 
6 16606 1 1 18.512 
7 16606 1 1 4.476 
8 16606 1 1 14.194 
9 16606 1 1 5.897 
10 16606 1 0 -2.892 
11 16606 1 0 -1.962 
12 16606 1 1 20.633 
13 16606 1 -1 -4.105 
14 16606 1 1 12.850 
15 16606 1 1 18.359 
16 16606 1 1 20.425 
17 16606 1 1 4.476 
18 16606 1 1 33.893 
19 16606 1 1 2.924 
20 16606 1 1 5.690 
21 16606 1 0 0.519 
22 16606 1 1 12.543 
