0 8742 0 -1
1 8742 0 -1
2 8742 0 -1
3 8742 0 -1
4 8742 0 -1
5 8742 0 -1
6 8742 0 -1
7 8742 0 -1
8 8742 0 -1
9 8742 0 1
10 8742 0 1
11 8742 0 1
12 8742 1 1
13 8742 0 1
14 8742 0 -1
15 8742 0 1
16 8742 0 -1
17 8742 0 -1
18 8742 0 -1
19 8742 0 1
20 8742 0 -1
21 8742 0 -1
22 8742 0 -1
0 9392 0 -1
1 9392 0 -1
2 9392 0 -1
3 9392 0 -1
4 9392 0 -1
5 9392 0 -1
6 9392 0 -1
7 9392 0 -1
8 9392 0 -1
9 9392 0 -1
10 9392 0 -1
11 9392 0 -1
12 9392 0 -1
13 9392 0 -1
14 9392 0 -1
15 9392 0 -1
16 9392 0 -1
17 9392 0 -1
18 9392 0 -1
19 9392 0 -1
20 9392 0 -1
21 9392 0 -1
22 9392 0 -1
0 9998 0 -1
1 9998 0 -1
2 9998 0 -1
3 9998 0 -1
4 9998 0 1
5 9998 0 -1
6 9998 0 -1
7 9998 0 1
8 9998 0 1
9 9998 0 1
10 9998 1 1
11 9998 1 -1
12 9998 1 1
13 9998 0 1
14 9998 0 1
15 9998 0 1
16 9998 0 1
17 9998 0 1
18 9998 0 1
19 9998 0 1
20 9998 0 -1
21 9998 0 -1
22 9998 0 -1
0 10025 0 -1
1 10025 0 -1
2 10025 0 -1
3 10025 0 -1
4 10025 0 -1
5 10025 0 -1
6 10025 0 1
7 10025 0 1
8 10025 0 1
9 10025 0 1
10 10025 0 1
11 10025 0 1
12 10025 0 1
13 10025 0 1
14 10025 0 1
15 10025 0 1
16 10025 0 1
17 10025 0 1
18 10025 0 1
19 10025 0 1
20 10025 0 1
21 10025 0 -1
22 10025 0 -1
0 10255 0 -1
1 10255 0 -1
2 10255 0 -1
3 10255 0 -1
4 10255 0 -1
5 10255 0 -1
6 10255 0 -1
7 10255 0 -1
8 10255 0 -1
9 10255 0 -1
10 10255 0 -1
11 10255 0 -1
12 10255 0 -1
13 10255 0 -1
14 10255 0 -1
15 10255 0 -1
16 10255 0 -1
17 10255 0 -1
18 10255 0 -1
19 10255 0 -1
20 10255 0 -1
21 10255 0 -1
22 10255 0 -1
0 10750 0 -1
1 10750 0 -1
2 10750 0 -1
3 10750 0 -1
4 10750 0 -1
5 10750 0 -1
6 10750 0 -1
7 10750 0 -1
8 10750 0 -1
9 10750 0 -1
10 10750 0 -1
11 10750 0 -1
12 10750 0 -1
13 10750 0 -1
14 10750 0 -1
15 10750 0 -1
16 10750 0 -1
17 10750 0 -1
18 10750 0 -1
19 10750 0 -1
20 10750 0 -1
21 10750 0 -1
22 10750 0 -1
