46 8072 0 -1 
47 8072 -1 -1 
48 8072 -1 -1 
49 8072 0 -1 
50 8072 0 -1 
51 8072 0 -1 
52 8072 0 -1 
53 8072 0 1 
54 8072 0 1 
55 8072 0 1 
56 8072 0 1 
57 8072 1 1 
58 8072 1 1 
59 8072 1 1 
60 8072 1 1 
61 8072 0 1 
62 8072 0 1 
63 8072 0 1 
64 8072 0 1 
65 8072 0 1 
66 8072 0 -1 
67 8072 0 1 
68 8072 -1 -1 
69 8072 -1 -1 
70 8072 -1 -1 
71 8072 -1 -1 
72 8072 -1 -1 
73 8072 0 -1 
74 8072 0 1 
75 8072 0 1 
76 8072 0 1 
77 8072 0 1 
78 8072 0 1 
79 8072 0 1 
80 8072 1 1 
81 8072 1 1 
82 8072 1 1 
83 8072 1 1 
84 8072 1 1 
85 8072 0 1 
86 8072 0 1 
87 8072 0 0 
88 8072 0 -1 
89 8072 -1 -1 
90 8072 -1 -1 
91 8072 -1 -1 
46 8560 -1 -1 
47 8560 -1 -1 
48 8560 -1 -1 
49 8560 0 -1 
50 8560 0 -1 
51 8560 0 0 
52 8560 0 -1 
53 8560 0 1 
54 8560 0 1 
55 8560 0 1 
56 8560 1 1 
57 8560 1 1 
58 8560 1 1 
59 8560 1 1 
60 8560 1 1 
61 8560 1 1 
62 8560 0 1 
63 8560 0 1 
64 8560 0 1 
65 8560 0 0 
66 8560 0 1 
67 8560 -1 -1 
68 8560 -1 -1 
69 8560 -1 -1 
70 8560 -1 -1 
71 8560 0 -1 
72 8560 -1 -1 
73 8560 0 -1 
74 8560 0 -1 
75 8560 0 1 
76 8560 0 1 
77 8560 0 1 
78 8560 0 1 
79 8560 1 1 
80 8560 1 1 
81 8560 1 1 
82 8560 1 1 
83 8560 1 1 
84 8560 0 1 
85 8560 0 1 
86 8560 0 1 
87 8560 0 1 
88 8560 0 1 
89 8560 0 -1 
90 8560 0 -1 
91 8560 0 -1 
46 8561 -1 -1 
47 8561 -1 -1 
48 8561 -1 -1 
49 8561 0 -1 
50 8561 0 -1 
51 8561 0 -1 
52 8561 0 -1 
53 8561 0 1 
54 8561 0 1 
55 8561 0 1 
56 8561 0 1 
57 8561 1 1 
58 8561 1 1 
59 8561 1 1 
60 8561 1 1 
61 8561 0 1 
62 8561 0 1 
63 8561 0 1 
64 8561 0 1 
65 8561 0 -1 
66 8561 0 -1 
67 8561 0 -1 
68 8561 -1 -1 
69 8561 -1 -1 
70 8561 -1 -1 
71 8561 -1 -1 
72 8561 -1 -1 
73 8561 0 -1 
74 8561 0 -1 
75 8561 0 1 
76 8561 0 1 
77 8561 0 1 
78 8561 0 1 
79 8561 1 1 
80 8561 1 1 
81 8561 1 1 
82 8561 1 1 
83 8561 1 1 
84 8561 0 1 
85 8561 0 1 
86 8561 0 1 
87 8561 0 0 
88 8561 0 -1 
89 8561 0 -1 
90 8561 0 -1 
91 8561 -1 -1 
46 8881 0 -1 
47 8881 -1 -1 
48 8881 0 1 
49 8881 -1 -1 
50 8881 0 -1 
51 8881 0 -1 
52 8881 0 -1 
53 8881 0 1 
54 8881 0 1 
55 8881 0 1 
56 8881 0 1 
57 8881 1 1 
58 8881 1 1 
59 8881 1 1 
60 8881 1 -1 
61 8881 1 1 
62 8881 0 -1 
63 8881 0 1 
64 8881 0 1 
65 8881 0 0 
66 8881 0 1 
67 8881 0 -1 
68 8881 -1 0 
69 8881 -1 -1 
70 8881 -1 -1 
71 8881 -1 -1 
72 8881 -1 -1 
73 8881 0 -1 
74 8881 0 1 
75 8881 0 1 
76 8881 0 1 
77 8881 0 1 
78 8881 0 1 
79 8881 1 1 
80 8881 1 1 
81 8881 1 1 
82 8881 1 1 
83 8881 1 1 
84 8881 0 1 
85 8881 0 1 
86 8881 0 1 
87 8881 0 -1 
88 8881 0 1 
89 8881 0 -1 
90 8881 -1 -1 
91 8881 -1 -1 
46 8911 0 -1 
47 8911 0 1 
48 8911 0 -1 
49 8911 0 -1 
50 8911 0 -1 
51 8911 0 -1 
52 8911 0 1 
53 8911 0 1 
54 8911 1 1 
55 8911 1 1 
56 8911 1 1 
57 8911 1 1 
58 8911 1 1 
59 8911 1 1 
60 8911 1 1 
61 8911 1 1 
62 8911 1 1 
63 8911 0 1 
64 8911 0 1 
65 8911 0 0 
66 8911 0 0 
67 8911 0 0 
68 8911 0 -1 
69 8911 0 -1 
70 8911 0 -1 
71 8911 0 1 
72 8911 0 0 
73 8911 0 -1 
74 8911 0 -1 
75 8911 0 1 
76 8911 0 1 
77 8911 1 1 
78 8911 1 1 
79 8911 1 1 
80 8911 1 1 
81 8911 1 1 
82 8911 1 1 
83 8911 1 1 
84 8911 1 1 
85 8911 1 1 
86 8911 0 1 
87 8911 0 1 
88 8911 0 -1 
89 8911 0 0 
90 8911 0 -1 
91 8911 0 -1 
46 9056 -1 -1 
47 9056 -1 -1 
48 9056 -1 -1 
49 9056 -1 -1 
50 9056 0 -1 
51 9056 0 -1 
52 9056 0 -1 
53 9056 -1 1 
54 9056 -1 1 
55 9056 -1 1 
56 9056 -1 1 
57 9056 -1 1 
58 9056 -1 1 
59 9056 -1 -1 
60 9056 -1 1 
61 9056 -1 -1 
62 9056 0 -1 
63 9056 -1 1 
64 9056 0 1 
65 9056 -1 -1 
66 9056 -1 -1 
67 9056 0 -1 
68 9056 0 -1 
69 9056 -1 -1 
70 9056 0 -1 
71 9056 -1 -1 
72 9056 -1 -1 
73 9056 -1 -1 
74 9056 0 -1 
75 9056 0 -1 
76 9056 0 1 
77 9056 -1 0 
78 9056 -1 1 
79 9056 -1 -1 
80 9056 -1 -1 
81 9056 -1 1 
82 9056 -1 0 
83 9056 -1 -1 
84 9056 -1 -1 
85 9056 0 -1 
86 9056 -1 -1 
87 9056 0 -1 
88 9056 0 -1 
89 9056 -1 -1 
90 9056 0 -1 
91 9056 0 -1 
46 9705 0 -1 
47 9705 0 0 
48 9705 0 0 
49 9705 0 -1 
50 9705 0 -1 
51 9705 0 1 
52 9705 0 1 
53 9705 0 1 
54 9705 1 1 
55 9705 1 1 
56 9705 1 1 
57 9705 1 1 
58 9705 1 1 
59 9705 1 1 
60 9705 1 1 
61 9705 1 1 
62 9705 1 1 
63 9705 0 1 
64 9705 0 1 
65 9705 0 1 
66 9705 0 1 
67 9705 0 0 
68 9705 0 -1 
69 9705 0 0 
70 9705 0 -1 
71 9705 0 -1 
72 9705 -1 -1 
73 9705 0 1 
74 9705 0 1 
75 9705 0 1 
76 9705 0 1 
77 9705 1 1 
78 9705 1 1 
79 9705 1 1 
80 9705 1 1 
81 9705 1 1 
82 9705 1 1 
83 9705 1 1 
84 9705 1 1 
85 9705 0 1 
86 9705 0 1 
87 9705 0 1 
88 9705 0 1 
89 9705 0 1 
90 9705 0 0 
91 9705 0 1 
46 10816 0 1 
47 10816 0 0 
48 10816 0 -1 
49 10816 0 -1 
50 10816 0 1 
51 10816 0 0 
52 10816 0 1 
53 10816 0 1 
54 10816 1 1 
55 10816 1 1 
56 10816 1 1 
57 10816 1 1 
58 10816 1 1 
59 10816 1 1 
60 10816 1 1 
61 10816 1 1 
62 10816 1 1 
63 10816 0 1 
64 10816 0 1 
65 10816 0 1 
66 10816 0 1 
67 10816 0 1 
68 10816 0 1 
69 10816 0 0 
70 10816 0 -1 
71 10816 0 -1 
72 10816 0 0 
73 10816 0 1 
74 10816 0 1 
75 10816 0 1 
76 10816 0 1 
77 10816 1 1 
78 10816 1 1 
79 10816 1 1 
80 10816 1 1 
81 10816 1 1 
82 10816 1 1 
83 10816 1 1 
84 10816 1 1 
85 10816 1 1 
86 10816 0 1 
87 10816 0 1 
88 10816 0 0 
89 10816 0 1 
90 10816 0 0 
91 10816 0 0 
46 11133 0 -1 
47 11133 0 0 
48 11133 0 1 
49 11133 0 1 
50 11133 0 1 
51 11133 0 1 
52 11133 0 1 
53 11133 0 1 
54 11133 1 1 
55 11133 1 1 
56 11133 1 1 
57 11133 1 1 
58 11133 1 1 
59 11133 1 1 
60 11133 1 1 
61 11133 1 1 
62 11133 1 1 
63 11133 0 1 
64 11133 0 1 
65 11133 0 1 
66 11133 0 1 
67 11133 0 0 
68 11133 0 1 
69 11133 0 1 
70 11133 0 0 
71 11133 0 0 
72 11133 0 0 
73 11133 0 0 
74 11133 0 1 
75 11133 0 1 
76 11133 1 1 
77 11133 1 1 
78 11133 1 1 
79 11133 1 1 
80 11133 1 1 
81 11133 1 1 
82 11133 1 1 
83 11133 1 1 
84 11133 1 1 
85 11133 1 1 
86 11133 0 1 
87 11133 0 1 
88 11133 0 1 
89 11133 0 -1 
90 11133 0 0 
91 11133 0 0 
46 11134 0 1 
47 11134 0 0 
48 11134 0 -1 
49 11134 0 -1 
50 11134 0 1 
51 11134 0 1 
52 11134 0 1 
53 11134 0 1 
54 11134 1 1 
55 11134 1 1 
56 11134 1 1 
57 11134 1 1 
58 11134 1 1 
59 11134 1 1 
60 11134 1 1 
61 11134 1 1 
62 11134 1 1 
63 11134 0 1 
64 11134 0 1 
65 11134 0 1 
66 11134 0 1 
67 11134 0 -1 
68 11134 0 1 
69 11134 0 0 
70 11134 0 1 
71 11134 0 0 
72 11134 0 0 
73 11134 0 0 
74 11134 0 1 
75 11134 0 1 
76 11134 1 1 
77 11134 1 1 
78 11134 1 1 
79 11134 1 1 
80 11134 1 1 
81 11134 1 1 
82 11134 1 1 
83 11134 1 1 
84 11134 1 1 
85 11134 0 1 
86 11134 0 1 
87 11134 0 1 
88 11134 0 1 
89 11134 0 1 
90 11134 0 1 
91 11134 0 1 
46 11292 0 1 
47 11292 0 1 
48 11292 0 1 
49 11292 0 1 
50 11292 0 1 
51 11292 0 1 
52 11292 0 1 
53 11292 0 1 
54 11292 1 1 
55 11292 1 1 
56 11292 1 1 
57 11292 1 1 
58 11292 1 1 
59 11292 1 1 
60 11292 1 1 
61 11292 1 1 
62 11292 1 1 
63 11292 0 1 
64 11292 0 1 
65 11292 0 1 
66 11292 0 1 
67 11292 0 1 
68 11292 0 1 
69 11292 0 1 
70 11292 0 1 
71 11292 0 1 
72 11292 0 1 
73 11292 0 0 
74 11292 0 1 
75 11292 0 1 
76 11292 1 1 
77 11292 1 1 
78 11292 1 1 
79 11292 1 1 
80 11292 1 1 
81 11292 1 1 
82 11292 1 1 
83 11292 1 1 
84 11292 1 1 
85 11292 0 1 
86 11292 0 1 
87 11292 0 1 
88 11292 0 1 
89 11292 0 1 
90 11292 0 1 
91 11292 0 1 
46 15765 0 1 
47 15765 1 1 
48 15765 1 0 
49 15765 0 1 
50 15765 0 -1 
51 15765 0 1 
52 15765 0 -1 
53 15765 0 -1 
54 15765 0 -1 
55 15765 0 -1 
56 15765 1 -1 
57 15765 1 -1 
58 15765 1 1 
59 15765 0 -1 
60 15765 1 0 
61 15765 0 -1 
62 15765 1 0 
63 15765 1 0 
64 15765 1 -1 
65 15765 1 -1 
66 15765 1 1 
67 15765 1 1 
68 15765 1 1 
69 15765 1 -1 
70 15765 1 -1 
71 15765 1 0 
72 15765 0 0 
73 15765 0 -1 
74 15765 0 -1 
75 15765 1 0 
76 15765 1 1 
77 15765 1 1 
78 15765 1 -1 
79 15765 1 -1 
80 15765 1 1 
81 15765 1 1 
82 15765 1 0 
83 15765 1 1 
84 15765 1 1 
85 15765 1 -1 
86 15765 1 1 
87 15765 1 -1 
88 15765 1 -1 
89 15765 1 0 
90 15765 1 0 
91 15765 0 1 
46 16606 0 1 
47 16606 0 1 
48 16606 0 0 
49 16606 0 1 
50 16606 0 0 
51 16606 0 1 
52 16606 1 1 
53 16606 0 1 
54 16606 1 1 
55 16606 1 1 
56 16606 1 1 
57 16606 1 1 
58 16606 1 1 
59 16606 1 1 
60 16606 1 0 
61 16606 1 1 
62 16606 1 0 
63 16606 1 1 
64 16606 1 0 
65 16606 1 1 
66 16606 1 1 
67 16606 1 1 
68 16606 1 1 
69 16606 0 1 
70 16606 0 1 
71 16606 0 0 
72 16606 0 1 
73 16606 1 1 
74 16606 1 1 
75 16606 0 1 
76 16606 1 1 
77 16606 1 1 
78 16606 1 1 
79 16606 1 1 
80 16606 1 1 
81 16606 1 1 
82 16606 1 1 
83 16606 1 1 
84 16606 1 1 
85 16606 1 1 
86 16606 1 1 
87 16606 1 0 
88 16606 0 1 
89 16606 1 1 
90 16606 1 1 
91 16606 1 0 
46 16880 1 1
47 16880 1 1
48 16880 1 1
49 16880 1 1
50 16880 0 1
51 16880 0 1
52 16880 0 0
53 16880 0 1
54 16880 0 0
55 16880 1 1
56 16880 1 0
57 16880 1 0
58 16880 1 1
59 16880 1 1
60 16880 1 1
61 16880 1 1
62 16880 1 0
63 16880 1 1
64 16880 1 1
65 16880 1 1
66 16880 0 0
67 16880 1 0
68 16880 0 0
69 16880 1 0
70 16880 0 0
71 16880 1 0
72 16880 0 1
73 16880 0 0
74 16880 0 0
75 16880 0 1
76 16880 0 0
77 16880 1 0
78 16880 1 0
79 16880 1 1
80 16880 1 1
81 16880 1 1
82 16880 1 1
83 16880 1 1
84 16880 1 1
85 16880 1 0
86 16880 1 1
87 16880 1 1
88 16880 0 1
89 16880 1 1
90 16880 1 1
91 16880 0 1